class_id   precision recall    f1-score  support
   0       0.86      1.00      0.93        25
   1       0.97      0.94      0.96        34
  10       1.00      1.00      1.00        51
  11       1.00      1.00      1.00       102
  12       1.00      1.00      1.00        97
  13       1.00      1.00      1.00        49
  14       1.00      1.00      1.00        49
  15       1.00      1.00      1.00        51
  16       0.93      1.00      0.96        51
  17       0.99      0.98      0.99       172
  18       1.00      1.00      1.00        62
  19       1.00      1.00      1.00        56
   2       1.00      0.96      0.98        26
  20       1.00      1.00      1.00        95
  21       1.00      1.00      1.00       118
  22       1.00      0.98      0.99        65
  23       1.00      0.99      0.99        80
  24       1.00      1.00      1.00        73
  25       0.70      0.67      0.69       110
  26       0.66      0.70      0.68       104
  27       0.99      1.00      1.00       104
  28       1.00      1.00      1.00        68
  29       1.00      1.00      1.00       374
   3       1.00      0.91      0.95        34
  30       1.00      1.00      1.00        66
  31       1.00      1.00      1.00       112
  32       1.00      1.00      1.00        61
  33       1.00      1.00      1.00        61
  34       0.64      0.62      0.63        61
  35       0.60      0.66      0.62        61
  36       1.00      1.00      1.00        61
  37       0.70      0.64      0.67        61
  38       0.69      0.74      0.72        66
  39       1.00      1.00      1.00        61
   4       1.00      1.00      1.00        34
  40       0.75      0.84      0.79        61
  41       0.72      0.51      0.60        35
  42       0.62      0.40      0.49        25
  43       0.56      0.76      0.64        25
  44       1.00      1.00      1.00        25
  45       1.00      1.00      1.00        26
  46       1.00      1.00      1.00        25
  47       1.00      1.00      1.00        30
  48       1.00      1.00      1.00        26
  49       1.00      1.00      1.00        50
   5       1.00      1.00      1.00        17
  50       0.98      1.00      0.99        49
  51       0.60      0.78      0.68        49
  52       0.62      0.41      0.49        44
  53       1.00      1.00      1.00        25
  54       1.00      1.00      1.00        26
  55       1.00      1.00      1.00        30
  56       0.71      0.77      0.74        26
  57       0.75      0.69      0.72        26
  58       0.96      1.00      0.98        26
  59       1.00      1.00      1.00        25
   6       1.00      1.00      1.00        17
  60       1.00      1.00      1.00        26
  61       1.00      1.00      1.00        25
  62       1.00      1.00      1.00        25
  63       1.00      1.00      1.00        25
  64       0.96      1.00      0.98        25
  65       1.00      0.92      0.96        26
  66       1.00      1.00      1.00        26
  67       1.00      1.00      1.00        26
  68       1.00      1.00      1.00        25
  69       1.00      1.00      1.00        26
   7       1.00      1.00      1.00        17
  70       0.56      0.72      0.63        25
  71       0.61      0.42      0.50        26
  72       1.00      1.00      1.00        25
  73       1.00      1.00      1.00        26
  74       1.00      0.96      0.98        25
  75       1.00      1.00      1.00        25
  76       1.00      1.00      1.00        26
  77       1.00      1.00      1.00        26
  78       0.96      1.00      0.98        25
  79       1.00      1.00      1.00        26
   8       1.00      1.00      1.00        17
  80       1.00      1.00      1.00        25
  81       1.00      1.00      1.00        26
  82       1.00      1.00      1.00        26
  83       1.00      1.00      1.00        26
  84       0.96      1.00      0.98        25
  85       1.00      0.96      0.98        26
  86       1.00      1.00      1.00        26
  87       1.00      0.96      0.98        25
  88       1.00      1.00      1.00        26
  89       1.00      1.00      1.00        26
   9       1.00      1.00      1.00        17
  90       1.00      1.00      1.00        25