class_id   precision recall    f1-score  support
   0       0.92      0.88      0.90        25
   1       0.91      0.94      0.93        34
  10       1.00      1.00      1.00        51
  11       1.00      1.00      1.00       102
  12       1.00      1.00      1.00        97
  13       1.00      1.00      1.00        49
  14       1.00      1.00      1.00        49
  15       1.00      1.00      1.00        51
  16       1.00      1.00      1.00        51
  17       1.00      0.99      1.00       172
  18       1.00      1.00      1.00        62
  19       1.00      1.00      1.00        56
   2       1.00      0.96      0.98        26
  20       1.00      1.00      1.00        95
  21       1.00      0.99      1.00       118
  22       1.00      1.00      1.00        65
  23       1.00      1.00      1.00        80
  24       1.00      1.00      1.00        73
  25       0.61      0.75      0.67       110
  26       0.65      0.50      0.57       104
  27       1.00      1.00      1.00       104
  28       1.00      1.00      1.00        68
  29       1.00      1.00      1.00       374
   3       0.97      1.00      0.99        34
  30       1.00      1.00      1.00        66
  31       1.00      1.00      1.00       112
  32       1.00      0.98      0.99        61
  33       0.98      1.00      0.99        61
  34       0.71      0.66      0.68        61
  35       0.67      0.75      0.71        61
  36       1.00      1.00      1.00        61
  37       0.80      0.70      0.75        61
  38       0.75      0.82      0.78        66
  39       0.98      1.00      0.99        61
   4       1.00      1.00      1.00        34
  40       0.78      0.87      0.82        61
  41       0.80      0.57      0.67        35
  42       0.94      0.60      0.73        25
  43       0.69      0.96      0.80        25
  44       1.00      1.00      1.00        25
  45       1.00      1.00      1.00        26
  46       1.00      1.00      1.00        25
  47       1.00      1.00      1.00        30
  48       1.00      1.00      1.00        26
  49       1.00      1.00      1.00        50
   5       1.00      1.00      1.00        17
  50       0.98      1.00      0.99        49
  51       0.61      0.94      0.74        49
  52       0.83      0.34      0.48        44
  53       1.00      1.00      1.00        25
  54       1.00      1.00      1.00        26
  55       1.00      1.00      1.00        30
  56       0.70      0.54      0.61        26
  57       0.64      0.81      0.71        26
  58       1.00      1.00      1.00        26
  59       1.00      1.00      1.00        25
   6       1.00      1.00      1.00        17
  60       1.00      1.00      1.00        26
  61       1.00      1.00      1.00        25
  62       1.00      1.00      1.00        25
  63       1.00      1.00      1.00        25
  64       1.00      1.00      1.00        25
  65       1.00      0.92      0.96        26
  66       1.00      1.00      1.00        26
  67       1.00      1.00      1.00        26
  68       0.96      1.00      0.98        25
  69       1.00      1.00      1.00        26
   7       1.00      1.00      1.00        17
  70       0.72      0.52      0.60        25
  71       0.64      0.81      0.71        26
  72       1.00      1.00      1.00        25
  73       1.00      1.00      1.00        26
  74       1.00      0.96      0.98        25
  75       0.96      1.00      0.98        25
  76       1.00      1.00      1.00        26
  77       1.00      1.00      1.00        26
  78       1.00      1.00      1.00        25
  79       1.00      0.96      0.98        26
   8       1.00      1.00      1.00        17
  80       1.00      1.00      1.00        25
  81       1.00      1.00      1.00        26
  82       1.00      1.00      1.00        26
  83       1.00      1.00      1.00        26
  84       1.00      1.00      1.00        25
  85       0.96      0.96      0.96        26
  86       1.00      1.00      1.00        26
  87       1.00      1.00      1.00        25
  88       1.00      1.00      1.00        26
  89       1.00      1.00      1.00        26
   9       1.00      1.00      1.00        17
  90       1.00      1.00      1.00        25           